"","Geno","leaf.side.x","avg_pave.x","var_pave.x","avg_stom.x","var_stom.x","norm.ab","avg_pave_ab","var_pave_ab","avg_stom_ab","var_stom_ab","leaf.side.y","avg_pave.y","var_pave.y","avg_stom.y","var_stom.y","norm.ad"
"1","eLA4024","ab",64.7083333333333,344.476449275362,31.25,45.7608695652174,1.0000000515132,64.7083333333333,344.476449275362,31.25,45.7608695652174,"ad",64.2916666666667,258.73731884058,9.625,11.5489130434783,1.00000001036941
"2","LA1777","ab",137.666666666667,429.515151515152,65.0833333333333,134.44696969697,2.12749528023157,137.666666666667,429.515151515152,65.0833333333333,134.44696969697,"ad",97.4166666666667,728.628787878788,11.9166666666667,33.1742424242424,1.51523008700174
"3","LA3913","ab",106.666666666667,638,44.0555555555556,96.8790849673203,1.64842249315763,106.666666666667,638,44.0555555555556,96.8790849673203,"ad",106.5,1076.5,13.9444444444444,10.1732026143791,1.65651330298394
"4","LA3917","ab",135.583333333333,1459.21014492754,37.0416666666667,86.3025362318841,2.09529952841208,135.583333333333,1459.21014492754,37.0416666666667,86.3025362318841,"ad",125.625,539.809782608696,16.9583333333333,13.8677536231884,1.9539857623226
"5","LA3918","ab",120.333333333333,1747.25,28.3333333333333,57.5,1.85962662509345,120.333333333333,1747.25,28.3333333333333,57.5,"ad",114,1847,13.3333333333333,11.25,1.77316916939126
"6","LA3921","ab",NA,NA,32.0833333333333,48.8106060606061,NA,NA,NA,32.0833333333333,48.8106060606061,"ad",NA,NA,8.16666666666667,3.06060606060606,NA
"7","LA3922","ab",72.1904761904762,271.661904761905,28.5714285714286,68.4571428571429,1.11562879447632,72.1904761904762,271.661904761905,28.5714285714286,68.4571428571429,"ad",50.4285714285714,153.757142857143,4.14285714285714,4.92857142857143,0.784371825557786
"8","LA3926","ab",105.111111111111,676.692810457516,37.9444444444444,56.6437908496732,1.62438299846575,105.111111111111,676.692810457516,37.9444444444444,56.6437908496732,"ad",74.9444444444444,402.761437908497,11.9444444444444,14.1732026143791,1.16569454654425
"9","LA3927","ab",74.3333333333333,55.4117647058824,30.1111111111111,15.8692810457516,1.14874442491922,74.3333333333333,55.4117647058824,30.1111111111111,15.8692810457516,"ad",70.9444444444444,67.5849673202614,4.33333333333333,4.47058823529412,1.10347808446035
"10","LA3929","ab",103.777777777778,477.59477124183,37.1666666666667,163.794117647059,1.60377771730128,103.777777777778,477.59477124183,37.1666666666667,163.794117647059,"ad",88.5555555555556,404.496732026144,10.2222222222222,22.8888888888889,1.37740334113531
"11","LA3930","ab",81.2777777777778,873.035947712418,29.7222222222222,140.09477124183,1.25606359765084,81.2777777777778,873.035947712418,29.7222222222222,140.09477124183,"ad",92.8888888888889,959.045751633987,8.61111111111111,16.4869281045752,1.44480450839287
"12","LA3932","ab",69.6666666666667,238.117647058824,25.4444444444444,45.0849673202614,1.07662594084358,69.6666666666667,238.117647058824,25.4444444444444,45.0849673202614,"ad",58.5,165.794117647059,5.88888888888889,13.6339869281046,0.909915757977091
"13","LA3933","ab",70.0833333333333,432.44696969697,28.3333333333333,77.1515151515151,1.08306509120747,70.0833333333333,432.44696969697,28.3333333333333,77.1515151515151,"ad",67.3333333333333,340.424242424242,3.16666666666667,3.06060606060606,1.04731044507905
"14","LA3935","ab",85.2,102.742857142857,34.2666666666667,21.0666666666667,1.31667746640966,85.2,102.742857142857,34.2666666666667,21.0666666666667,"ad",80.2666666666667,147.209523809524,5.06666666666667,2.78095238095238,1.248477005817
"15","LA3938","ab",130.333333333333,1200.73333333333,59.2857142857143,330.614285714286,2.01416623382698,130.333333333333,1200.73333333333,59.2857142857143,330.614285714286,"ad",131.666666666667,1725.33333333333,8.28571428571429,23.1142857142857,2.04795854359516
"16","LA3939","ab",82.3333333333333,390.969696969697,34.1666666666667,67.6060606060606,1.27237611190605,82.3333333333333,390.969696969697,34.1666666666667,67.6060606060606,"ad",75.1666666666667,181.242424242424,7.33333333333333,12.2424242424242,1.16915101666002
"17","LA3943","ab",97.3333333333333,813.833333333333,43.1428571428571,195.628571428571,1.50418552500634,97.3333333333333,813.833333333333,43.1428571428571,195.628571428571,"ad",82.8571428571429,1101.72857142857,7.19047619047619,13.4619047619048,1.288769571738
"18","LA3944","ab",108.541666666667,375.73731884058,51.1666666666667,97.2753623188405,1.67739866979517,108.541666666667,375.73731884058,51.1666666666667,97.2753623188405,"ad",72.5,168.695652173913,2.5,2.08695652173913,1.12767337527075
"19","LA3945","ab",118.333333333333,290.753623188406,44.75,87.5869565217391,1.82871870334675,118.333333333333,290.753623188406,44.75,87.5869565217391,"ad",106.083333333333,327.644927536232,5,8.34782608695652,1.65003242151686
"20","LA3949","ab",102.791666666667,523.998188405797,34.5,91.8260869565217,1.58853839477339,102.791666666667,523.998188405797,34.5,91.8260869565217,"ad",95.3333333333333,1094.57971014493,6.58333333333333,14.0797101449275,1.48282567966637
"21","LA3953","ab",88.1666666666667,613.794117647059,34.8333333333333,118.5,1.3625242170006,88.1666666666667,613.794117647059,34.8333333333333,118.5,"ad",71.2777777777778,355.388888888889,5.77777777777778,5.12418300653595,1.10866278963401
"22","LA3954","ab",93.6190476190476,765.247619047619,40.7619047619048,108.790476190476,1.44678509890531,93.6190476190476,765.247619047619,40.7619047619048,108.790476190476,"ad",92.9523809523809,1100.54761904762,4.95238095238095,17.947619047619,1.4457920712831
"23","LA3956","ab",93.5555555555556,456.143790849673,39.7777777777778,245.241830065359,1.44580389504034,93.5555555555556,456.143790849673,39.7777777777778,245.241830065359,"ad",87.1111111111111,1177.86928104575,8.61111111111111,13.781045751634,1.35493628538279
"24","LA3958","ab",88.1428571428571,205.328571428571,32.0476190476191,54.847619047619,1.36215626555124,88.1428571428571,205.328571428571,32.0476190476191,54.847619047619,"ad",80.6666666666667,385.233333333333,5.61904761904762,5.64761904761905,1.25469865202539
"25","LA3962","ab",85.9523809523809,329.347619047619,39.8095238095238,69.8619047619048,1.32830473220961,85.9523809523809,329.347619047619,39.8095238095238,69.8619047619048,"ad",81.6190476190476,200.847619047619,6.71428571428571,15.1142857142857,1.2695120953787
"26","LA3965","ab",90.0476190476191,215.647619047619,31.2380952380952,21.7904761904762,1.39159238150048,90.0476190476191,215.647619047619,31.2380952380952,21.7904761904762,"ad",80.5238095238095,154.161904761905,3.52380952380952,3.76190476190476,1.25247663552239
"27","LA3966","ab",127.625,523.288043478261,52.2916666666667,99.9547101449275,1.97231175646165,127.625,523.288043478261,52.2916666666667,99.9547101449275,"ad",109.666666666667,1320.66666666667,4.33333333333333,20.1449275362319,1.70576800213369
"28","LA3967","ab",74.9333333333333,108.638095238095,27.3333333333333,42.5238095238095,1.15801680144324,74.9333333333333,108.638095238095,27.3333333333333,42.5238095238095,"ad",66.1333333333333,107.695238095238,3.93333333333333,8.06666666666667,1.02864550645387
"29","LA3968","ab",196.541666666667,573.389492753623,89.375,134.244565217391,3.03734722665021,196.541666666667,573.389492753623,89.375,134.244565217391,"ad",142.416666666667,294.253623188406,3.45833333333333,17.8242753623188,2.21516528544565
"30","LA3969","ab",128.916666666667,314.166666666667,47.9166666666667,38.4275362318841,1.99227312258973,128.916666666667,314.166666666667,47.9166666666667,38.4275362318841,"ad",145.333333333333,479.36231884058,7.45833333333333,7.38949275362319,2.26053145571517
"31","LA3994","ab",111.111111111111,920.457516339869,43.6111111111111,160.722222222222,1.71710676370586,111.111111111111,920.457516339869,43.6111111111111,160.722222222222,"ad",93.0555555555556,747.820261437909,13.2222222222222,12.1830065359477,1.4473968609797
"32","LA3996","ab",98.25,434.568181818182,33.6666666666667,78.6060606060606,1.51835165580691,98.25,434.568181818182,33.6666666666667,78.6060606060606,"ad",80.5,335.909090909091,8.5,51.9090909090909,1.25210629943856
"33","LA3999","ab",78.0952380952381,194.790476190476,26.2857142857143,16.7142857142857,1.20688075391898,78.0952380952381,194.790476190476,26.2857142857143,16.7142857142857,"ad",75.2857142857143,265.314285714286,5.28571428571429,4.81428571428571,1.17100269707919
"34","LA4002","ab",128.833333333333,558.31884057971,41.4166666666667,91.6449275362319,1.99098529251695,128.833333333333,558.31884057971,41.4166666666667,91.6449275362319,"ad",101.041666666667,1158.73731884058,8.375,23.8097826086957,1.57161375576528
"35","LA4004","ab",144.428571428571,228.557142857143,52.0476190476191,113.647619047619,2.23199349185138,144.428571428571,228.557142857143,52.0476190476191,113.647619047619,"ad",146.714285714286,836.114285714286,10,21.7,2.28201094857747
"36","LA4005","ab",167.866666666667,503.838095238095,77.7333333333333,98.9238095238095,2.59420489860682,167.866666666667,503.838095238095,77.7333333333333,98.9238095238095,"ad",114.6,507.4,4,7.28571428571429,1.78250163870384
"37","LA4008","ab",116,431.75,35.6666666666667,158.25,1.79265946130892,116,431.75,35.6666666666667,158.25,"ad",105.333333333333,650.5,3.22222222222222,10.6944444444444,1.63836683487613
"38","LA4010","ab",117.555555555556,1602.52777777778,44.5555555555556,204.027777777778,1.8166989560008,117.555555555556,1602.52777777778,44.5555555555556,204.027777777778,"ad",112.888888888889,1137.61111111111,7.44444444444444,17.5277777777778,1.75588681881239
